9 -4 1 0 0 0 0 0 0 0 0 0 0 0 0 24
4 6 -4 1 0 0 0 0 0 0 0 0 0 0 0  24  
1 -4 6 -4 1 0 0 0 0 0 0 0 0 0 0 24
0 1 -4 6 -4 1 0 0 0 0 0 0 0 0 0 24
0 0 1 -4 6 -4 1 0 0 0 0 0 0 0 0 24
0 0 0 1 -4 6 -4 1 0 0 0 0 0 0 0 24
0 0 0 0 1 -4 6 -4 1 0 0 0 0 0 0 24
0 0 0 0 0 1 -4 6 -4 1 0 0 0 0 0 24
0 0 0 0 0 0 1 -4 6 -4 1 0 0 0 0 24
0 0 0 0 0 0 0 1 -4 6 -4 1 0 0 0 24
0 0 0 0 0 0 0 0 1 -4 6 -4 1 0 0 24
0 0 0 0 0 0 0 0 0 1 -4 6 -4 1 0 24
0 0 0 0 0 0 0 0 0 0 1 -4 6 -4 1 24
0 0 0 0 0 0 0 0 0 0 0 1 -4 5 -2 24
0 0 0 0 0 0 0 0 0 0 0 0 1 -2 1 24